1.339064503180116550e-04
5.396248162703091641e-03
1.192891910232223886e-02
1.972628688440974248e-02
2.984231245729201260e-02
3.995154536564888420e-02
5.156320003034987887e-02
5.995200371802964640e-02
7.060987771121279843e-02
8.074360265686372773e-02
8.909380304961203589e-02
9.906806942306931041e-02
1.107474892086936780e-01
1.208154959473853873e-01
1.290862710035109440e-01
1.391344581119741686e-01
1.488974568488862227e-01
1.599672769563934005e-01
1.707119251485844091e-01
1.791155385352558860e-01
1.882030455251701706e-01
1.982688161649821534e-01
2.090602238316752182e-01
2.181667783661443705e-01
2.290836575535971087e-01
2.391368295563995050e-01
2.494241475665156249e-01
2.573345674326960042e-01
2.665721768008837977e-01
2.773700250765010478e-01
2.891139341575837962e-01
2.982798254538395755e-01
3.081911892205863590e-01
3.173886001563014925e-01
3.276142707463194914e-01
3.360792327755810494e-01
3.482489371093953623e-01
3.582686747942141481e-01
3.667204772159903259e-01
3.767096509293385576e-01
3.866058730527744958e-01
3.967234242428077096e-01
4.066073068741239416e-01
4.165998159593196637e-01
4.268379209519649886e-01
4.358408737412874379e-01
4.466280041796948375e-01
4.557411566666854652e-01
4.666975369846642074e-01
4.758958597859201944e-01
4.850404869222869619e-01
4.980107929397344368e-01
5.061333834061727543e-01
5.149227123309926268e-01
5.258134310118964816e-01
5.348833630735689848e-01
5.442878513011862873e-01
5.549481605602177847e-01
5.641677287028971088e-01
5.742131134603211118e-01
5.858697070172548260e-01
5.942432494191602910e-01
6.042687956670094174e-01
6.141369593513145153e-01
6.242147532008683886e-01
6.324281758691923105e-01
6.442705304578554282e-01
6.549844352253273438e-01
6.649448645434243854e-01
6.734027019267494474e-01
6.825922661393889479e-01
6.925051934125590058e-01
7.034611264793626528e-01
7.135574189431170833e-01
7.241438566174898117e-01
7.334066487515186195e-01
7.417677269102191939e-01
7.517488427874829959e-01
7.634354135129527430e-01
7.725826682797942713e-01
7.817890746389040135e-01
7.925427158129055849e-01
8.026146086164306359e-01
8.117130264287105712e-01
8.217434897614598333e-01
8.325905580585217791e-01
8.417477029681343925e-01
8.518206807376544898e-01
8.618913086058240802e-01
8.700486581735760172e-01
8.818520654878512222e-01
8.916940338912787700e-01
9.017447222319212585e-01
9.100639750641421610e-01
9.200063117223871156e-01
9.309512307672932474e-01
9.409847384978207163e-01
9.509709990956638492e-01
9.608534130615282720e-01
9.708601657769957427e-01
9.795489082068643549e-01
1.000000000000000000e+00
