1.716643552076102183e-03
6.991567955486746762e-03
1.343375802823066137e-02
2.105798379528185660e-02
3.102106735009858146e-02
4.101746010436095602e-02
5.253772068692534603e-02
6.085518371821342642e-02
7.144256942083604400e-02
8.150916207096864374e-02
8.983301060631311563e-02
9.978941076525531251e-02
1.114459097101245799e-01
1.214811336027000338e-01
1.297438175714095698e-01
1.397543135106595336e-01
1.494868271710297347e-01
1.605528764882863946e-01
1.712651209913107486e-01
1.796464279805354280e-01
1.887061494128854100e-01
1.987313640370844126e-01
2.095222721551848188e-01
2.186195066891162553e-01
2.295191921566297477e-01
2.395677443682467656e-01
2.498464946829845323e-01
2.577522547169189271e-01
2.669859090147064240e-01
2.777747046990793334e-01
2.895092569844583963e-01
2.986707623158020297e-01
3.085821260825487578e-01
3.177795370182638912e-01
3.279919703472388148e-01
3.364481853331408034e-01
3.486006191760722683e-01
3.586073004251604246e-01
3.670541008461362109e-01
3.770297266180605011e-01
3.869212246296294122e-01
3.970301945775669417e-01
4.069008021149699839e-01
4.168884865752803259e-01
4.271084013214261899e-01
4.360935498271604205e-01
4.468675763587496297e-01
4.559807288457403129e-01
4.669285264554796089e-01
4.761184827170283351e-01
4.852535556555072627e-01
4.982199466783939212e-01
5.063374697484606113e-01
5.151178672315290807e-01
5.259995039674680850e-01
5.350650454425582847e-01
5.444653018403460276e-01
5.551105945525237617e-01
5.643301626952030858e-01
5.743711312717401096e-01
5.860233359763589167e-01
5.943968783782642706e-01
6.044224246261136191e-01
6.142905883104187170e-01
6.243459490178856486e-01
6.325450941325018173e-01
6.443782193781897316e-01
6.550872221848773602e-01
6.650391340618757585e-01
6.734973702587037092e-01
6.826822462388070223e-01
6.925906079273537186e-01
7.035375098150247197e-01
7.136297042540272750e-01
7.242109810431417438e-01
7.334645723696867625e-01
7.418177914205503765e-01
7.517946555971336542e-01
7.634764365917863227e-01
7.726236913586278510e-01
7.818214445567888138e-01
7.925750857307902741e-01
8.026379247748440804e-01
8.117311261030343283e-01
8.217610279739615553e-01
8.326127895643071763e-01
8.417657171999659571e-01
8.518386949694860544e-01
8.619093228376553117e-01
8.700662775083676248e-01
8.818696848226428298e-01
8.917164429568875672e-01
9.017671312975300557e-01
9.100863841297510692e-01
9.200204677842617196e-01
9.309611405446668320e-01
9.409894317911045025e-01
9.509709990956638492e-01
9.608534130615282720e-01
9.708601657769957427e-01
9.795489082068643549e-01
1.000000000000000000e+00
