1.748606070970692636e-03
6.995091111305496226e-03
1.345989643429204921e-02
2.108692813114145317e-02
3.107100527335269688e-02
4.105776428660001809e-02
5.256738903467229884e-02
6.089943768928067491e-02
7.146169174737046492e-02
8.154965709862757595e-02
8.987304984201396896e-02
9.981972650221689058e-02
1.114757042718266672e-01
1.215070252427115499e-01
1.297639173438764615e-01
1.397741679597267750e-01
1.494935186973976593e-01
1.605555685795768128e-01
1.712784899327693400e-01
1.796642473632694692e-01
1.887331696160503003e-01
1.987715980861823051e-01
2.095488290345585702e-01
2.186511195403735286e-01
2.295547907229727735e-01
2.395994631157401522e-01
2.498823349029226648e-01
2.577844137337904629e-01
2.670125029511645209e-01
2.778015865696893405e-01
2.895356012340063456e-01
2.986830953887619211e-01
3.085815521877466883e-01
3.177700305265798164e-01
3.279831209831839955e-01
3.364348182256925446e-01
3.485958627593873649e-01
3.586214769206709785e-01
3.670691960431413103e-01
3.770447135931171978e-01
3.869274806392696275e-01
3.970357769851308172e-01
4.069108707106851019e-01
4.168985551709954440e-01
4.271151703624754825e-01
4.361045518433539492e-01
4.468775252244736040e-01
4.559906777114643428e-01
4.669379753724419713e-01
4.761362981736980693e-01
4.852769447352698329e-01
4.982288110651619806e-01
5.063372044218980017e-01
5.151218739487122278e-01
5.259952670895640114e-01
5.350651991512365147e-01
5.444639057975254604e-01
5.551198581377698726e-01
5.643348298472813385e-01
5.743757984238184733e-01
5.860280312621057863e-01
5.943965434829248107e-01
6.044220897307740481e-01
6.142855651825427366e-01
6.243589701797815916e-01
6.325544848144802890e-01
6.443919041171934925e-01
6.550925693152950258e-01
6.650435310879844186e-01
6.735017359174702012e-01
6.826818079820908824e-01
6.925947352552608294e-01
7.035460352605374945e-01
7.136290288920561498e-01
7.242155635811655667e-01
7.334739104804859355e-01
7.418302741377329479e-01
7.518113900149965279e-01
7.634932987358041823e-01
7.726310978517091366e-01
7.818254500815847718e-01
7.925790912555861212e-01
8.026460244796836951e-01
8.117444422919636304e-01
8.217793037423183344e-01
8.326310653326641775e-01
8.417784550216141914e-01
8.518514327911343997e-01
8.619180860965055535e-01
8.700757889831095548e-01
8.818706983122032161e-01
8.917131780055118639e-01
9.017638663461544635e-01
9.100831191783754770e-01
9.200254558366202096e-01
9.309703748815264523e-01
9.409992188680000869e-01
9.509755696884697462e-01
9.608579836543341690e-01
9.708647363698015287e-01
9.795534787996702519e-01
1.000000000000000000e+00
