1.607382244436885961e-03
6.919389374176308609e-03
1.327248946549304878e-02
2.090839434432896146e-02
3.091772680506096882e-02
4.096220374927569963e-02
5.250885995576067000e-02
6.086680985108434971e-02
7.147800834927123259e-02
8.156687128052202140e-02
8.988594845326161598e-02
9.981536275332572594e-02
1.114772208319596974e-01
1.214962514079666323e-01
1.297542278644776559e-01
1.397760003665147466e-01
1.495219259130357581e-01
1.605881881535756728e-01
1.713107821941515507e-01
1.797143955808230553e-01
1.887818697850241756e-01
1.988335334477016603e-01
2.096290346636741631e-01
2.187355891981433709e-01
2.296387129162225926e-01
2.396682513009074644e-01
2.499462185348472476e-01
2.578520520865900112e-01
2.670757727367427670e-01
2.778527939240088562e-01
2.895871201007999551e-01
2.987377326625114682e-01
3.086306663236239034e-01
3.178236884070239077e-01
3.280275419982933705e-01
3.364743422949613150e-01
3.486265850856348769e-01
3.586301674153187236e-01
3.670776049309404376e-01
3.770535805812240682e-01
3.869459198126820043e-01
3.970541690414404190e-01
4.069380516727567065e-01
4.169305607579524842e-01
4.271508053049911102e-01
4.361537580943135595e-01
4.469365025678087022e-01
4.560404582070461399e-01
4.669968385250249376e-01
4.761815254740448533e-01
4.853171085762434944e-01
4.982749972647771419e-01
5.063841679357349301e-01
5.151690795091986574e-01
5.260417130555813392e-01
5.351071596054570723e-01
5.445164375638912313e-01
5.551767468229227287e-01
5.643963149656020528e-01
5.744319504127812781e-01
5.860657526046123555e-01
5.944350487220169121e-01
6.044477192269196442e-01
6.143015306732259040e-01
6.243748792880714493e-01
6.325788209138873963e-01
6.444213373177809512e-01
6.551299841852580297e-01
6.650764598956084850e-01
6.735395551789282731e-01
6.827244863300406807e-01
6.926325116424264516e-01
7.035884447092300986e-01
7.136753125018697741e-01
7.242616572861096946e-01
7.335244494201386134e-01
7.418773787557471078e-01
7.518540191586102761e-01
7.635405898840801342e-01
7.726831205390546353e-01
7.818854369186142295e-01
7.926349110786979901e-01
8.027030010224727175e-01
8.117969137214491315e-01
8.218265586877141482e-01
8.326693802254162557e-01
8.418175648587468141e-01
8.518905426282670224e-01
8.619611704964362797e-01
8.701230906569943357e-01
8.818992290727749594e-01
8.917401107305549246e-01
9.017907990711974131e-01
9.101056074589738420e-01
9.200384759324489181e-01
9.309788243845490419e-01
9.410123321150762887e-01
9.509885510267535036e-01
9.608622348918330891e-01
9.708689876073002267e-01
9.795577300371688390e-01
1.000000000000000000e+00
