2.643108874778004290e-03
8.091948373060191962e-03
1.440556761879056499e-02
2.194025654438194750e-02
3.178373057577184302e-02
4.170860616367991908e-02
5.316030998983749256e-02
6.142008225080717448e-02
7.197204831232406619e-02
8.200192007757205193e-02
9.026938807990794733e-02
1.001975610751418000e-01
1.117905179650216657e-01
1.218046203327870919e-01
1.300447701659811772e-01
1.400471528059688553e-01
1.497605680307893816e-01
1.607840449044380393e-01
1.715151735495151486e-01
1.799004253204336545e-01
1.889508615011604442e-01
1.989698626346899091e-01
2.097485983440280088e-01
2.188083554990424562e-01
2.296978881941884043e-01
2.397423499454029161e-01
2.500169849949646084e-01
2.579056980970159119e-01
2.671262531759587833e-01
2.778738417471485755e-01
2.896129262033458884e-01
2.987555269087166510e-01
3.086317078279931514e-01
3.178247327987960280e-01
3.280504033888139714e-01
3.364975682711565108e-01
3.486391619617656978e-01
3.586507043426336305e-01
3.670849407617622906e-01
3.770694814135834294e-01
3.869394384843353185e-01
3.970491774641388139e-01
4.069272458039265850e-01
4.169197548891222516e-01
4.271264746161236303e-01
4.361294274054461906e-01
4.469124598191014930e-01
4.560212234537770470e-01
4.669694964833936979e-01
4.761444689890305670e-01
4.852788215313269538e-01
4.982322034650232823e-01
5.063508193686636627e-01
5.151357309421273900e-01
5.260217613904949463e-01
5.350828205946703831e-01
5.444874706375177897e-01
5.551477798965492871e-01
5.643577427028236837e-01
5.744031274602476866e-01
5.860507590469192785e-01
5.944243014488245214e-01
6.044319232542640918e-01
6.142910279765126935e-01
6.243559113862245935e-01
6.325652690138983125e-01
6.444078990683007602e-01
6.551160388179010363e-01
6.650722164353178867e-01
6.735306786571106930e-01
6.827202428697500824e-01
6.926331701429202514e-01
7.035708688199561189e-01
7.136622230121056898e-01
7.242476668151380803e-01
7.334918437480086872e-01
7.418490178976414606e-01
7.518254389392244885e-01
7.635071505782023982e-01
7.726501859357610691e-01
7.818477901490720194e-01
7.925968651130277376e-01
8.026594489441031266e-01
8.117532008362635665e-01
8.217880622866184925e-01
8.326312834199827151e-01
8.417884283295954395e-01
8.518614060991154258e-01
8.619320339672847942e-01
8.700939541278429612e-01
8.818788800615543488e-01
8.917256381957991973e-01
9.017763265364416858e-01
9.100955793686624773e-01
9.200294203120172876e-01
9.309702560576174069e-01
9.410037637881449868e-01
9.509805398194902670e-01
9.608629537853546898e-01
9.708697065008220495e-01
9.795532689255106451e-01
1.000000000000000000e+00
