1.708697930449359611e-03
6.985535246462851178e-03
1.340777581689599207e-02
2.105270703115656034e-02
3.103053056653626296e-02
4.103010481174694524e-02
5.255403953854389382e-02
6.089488153747239785e-02
7.147171082587375213e-02
8.155767960271799455e-02
8.986274792258014399e-02
9.980603951959418629e-02
1.114544340168351910e-01
1.214843890301761514e-01
1.297553344664112707e-01
1.397669201137277384e-01
1.495131669085729698e-01
1.605787793443718692e-01
1.712934014425796792e-01
1.796698637803343657e-01
1.887166854966131901e-01
1.987625145456962672e-01
2.095443650406473568e-01
2.186429533838327721e-01
2.295467473563235217e-01
2.395862383506113802e-01
2.498551468845564005e-01
2.577609047460748259e-01
2.669896140143706575e-01
2.777830717034055485e-01
2.895269807844882415e-01
2.986888663124377397e-01
3.085948790517872853e-01
3.177922899875024187e-01
3.280013465152676888e-01
3.364576990886035679e-01
3.486140553897621452e-01
3.586116431134843130e-01
3.670539390299557558e-01
3.770344889541555888e-01
3.869131473957057588e-01
3.970262824048521599e-01
4.068918570226546239e-01
4.168706773353091366e-01
4.270954285620343072e-01
4.360805177979724112e-01
4.468589978735321711e-01
4.559677244067297797e-01
4.669111360515567632e-01
4.761054782780178019e-01
4.852452149605504528e-01
4.982113584202701451e-01
5.063339488867085736e-01
5.151093271446740562e-01
5.259955603137810298e-01
5.350604249790819056e-01
5.444697029375161756e-01
5.551241357200829007e-01
5.643437038627622249e-01
5.743848692109034815e-01
5.860322998978269027e-01
5.944011509880416932e-01
6.044224251921452851e-01
6.142862296785427390e-01
6.243505509877855797e-01
6.325596167373224166e-01
6.443881537535993687e-01
6.550932254336261362e-01
6.650440382561987329e-01
6.735071335395186320e-01
6.826920095196219451e-01
6.926003712081685304e-01
7.035519061573667354e-01
7.136389376440073207e-01
7.242247802605425999e-01
7.334825422134849671e-01
7.418395618250080981e-01
7.518069236492423979e-01
7.634846066191429692e-01
7.726318613859846085e-01
7.818296145841455713e-01
7.925832557581469207e-01
8.026509815477543830e-01
8.117493993600343183e-01
8.217702097048391607e-01
8.326170117157574158e-01
8.417741566253701402e-01
8.518429171209362938e-01
8.619135449891054401e-01
8.700704996598178642e-01
8.818696552734126559e-01
8.917164134076575044e-01
9.017671017482997708e-01
9.100863545805207844e-01
9.200204382350316568e-01
9.309611109954365471e-01
9.409899549819101816e-01
9.509709990956638492e-01
9.608534130615282720e-01
9.708601657769957427e-01
9.795489082068643549e-01
1.000000000000000000e+00
