1.461570646941278903e-03
6.750149083983426543e-03
1.319523366357420145e-02
2.086703208368412971e-02
3.088038248852523204e-02
4.089354995093881506e-02
5.244770149710505092e-02
6.077692255187257947e-02
7.138453145880616080e-02
8.148201090531566326e-02
8.981396464933141810e-02
9.977471503721498103e-02
1.114362246303424453e-01
1.214726463973271331e-01
1.297099936232574691e-01
1.397330738882123780e-01
1.494788216133717262e-01
1.605165703927168841e-01
1.712431604430421639e-01
1.796285891719208161e-01
1.886971558406333460e-01
1.987418567769225763e-01
2.095155061465289736e-01
2.186220606809981815e-01
2.295337233843611213e-01
2.395787386021760723e-01
2.498536765528047154e-01
2.577538549377537680e-01
2.669871606392174579e-01
2.777667720829828379e-01
2.895106811640656419e-01
2.986765724603214212e-01
3.085790677676552574e-01
3.177675493490897396e-01
3.279748994344425794e-01
3.364207332551645280e-01
3.485857493564424869e-01
3.586008232972076049e-01
3.670435332762115310e-01
3.770138943580400026e-01
3.869020382036608696e-01
3.970069489854919365e-01
4.068858661269626475e-01
4.168783752121584252e-01
4.271032524256470064e-01
4.361062052149694557e-01
4.468933356533768553e-01
4.560020992880525204e-01
4.669538158619775392e-01
4.761521386632334152e-01
4.852921064015943697e-01
4.982455809010054582e-01
5.063588356789012757e-01
5.151481646037211481e-01
5.260345225659786017e-01
5.351044546276513270e-01
5.445047234459856611e-01
5.551600025239306069e-01
5.643795706666099310e-01
5.744157554750495276e-01
5.860629619321097161e-01
5.944365043340151811e-01
6.044435373088481445e-01
6.143024132482944877e-01
6.243756342059515463e-01
6.325797578926289910e-01
6.444221124812921087e-01
6.551315127442596253e-01
6.650709872492115426e-01
6.735245729318561914e-01
6.827056760735528140e-01
6.926186033467228720e-01
7.035700004432825505e-01
7.136569723620020955e-01
7.242434100363748239e-01
7.335062021704036317e-01
7.418574775305769586e-01
7.518305208202902268e-01
7.635118750616703975e-01
7.726498991328459853e-01
7.818471720247107681e-01
7.925959885738269595e-01
8.026678813773523435e-01
8.117622257039505129e-01
8.217878323101333038e-01
8.326349006071952497e-01
8.417920455168077520e-01
8.518650232863281824e-01
8.619312252007043096e-01
8.700885747684564686e-01
8.818919820827316736e-01
8.917295060417147479e-01
9.017801943823572364e-01
9.100994472145782499e-01
9.200327359032488550e-01
9.309731694363578836e-01
9.410066771668855745e-01
9.509929377647287074e-01
9.608707855205474990e-01
9.708732919515135062e-01
9.795576170300263064e-01
1.000000000000000000e+00
