1.512455863380735618e-03
6.752410409832916224e-03
1.318891776572952632e-02
2.087679088519297371e-02
3.088530414869680024e-02
4.087707499561715058e-02
5.244714265229528938e-02
6.079978331050478468e-02
7.142654516641848417e-02
8.152228494828743510e-02
8.983518087441259847e-02
9.980944724786985911e-02
1.114532212663047195e-01
1.214987058070978454e-01
1.297574069929324780e-01
1.397609309588605797e-01
1.495065851454284445e-01
1.605585192061555477e-01
1.712812949338503865e-01
1.796612572520142614e-01
1.887346508775351872e-01
1.987960309307648665e-01
2.095708320982364870e-01
2.186649625555564802e-01
2.295725517732376542e-01
2.396160727830425885e-01
2.498940432168429149e-01
2.577960798181171964e-01
2.670197877003639975e-01
2.778024316524662085e-01
2.895376525313124172e-01
2.986891908472281143e-01
3.085820910689570651e-01
3.177657949083671496e-01
3.279822785214519532e-01
3.364288214340924177e-01
3.485985257679067306e-01
3.586145604675560206e-01
3.670396853566452178e-01
3.770238935801478175e-01
3.869156095752491753e-01
3.970280933689106506e-01
4.069119760002269937e-01
4.168996616241067987e-01
4.271377666167520681e-01
4.361314916634118077e-01
4.469057970095395294e-01
4.560099320746144325e-01
4.669618078880886647e-01
4.761419321726080289e-01
4.852818999109689280e-01
4.982481799272469591e-01
5.063707703936853877e-01
5.151559258699848209e-01
5.260421993161802368e-01
5.351076268733483410e-01
5.445169048317823890e-01
5.551593402906602748e-01
5.643736505333447617e-01
5.744058693054248099e-01
5.860624628623585242e-01
5.944314323723671745e-01
6.044521888893992223e-01
6.143119791211479885e-01
6.243808286096462767e-01
6.325890347938804004e-01
6.444226002643830276e-01
6.551365050318549432e-01
6.650928363251999986e-01
6.735421820318350239e-01
6.827317462444746354e-01
6.926353466256984781e-01
7.035912796925021251e-01
7.136733985203526087e-01
7.242460624588968887e-01
7.335042266773388331e-01
7.418702644154671066e-01
7.518380793751218150e-01
7.635246501005913400e-01
7.726585615221573944e-01
7.818602796487308382e-01
7.926093552381091589e-01
8.026721079712453299e-01
8.117661276659197123e-01
8.217961323897082782e-01
8.326435051277389920e-01
8.418006500373514944e-01
8.518694798062080853e-01
8.619308919897671339e-01
8.700928121503250789e-01
8.818917750201558103e-01
8.917385331544005478e-01
9.017845594903810547e-01
9.101038123226020682e-01
9.200329834471127066e-01
9.309779024920187274e-01
9.410114102225459742e-01
9.509976708203895512e-01
9.608755185762083428e-01
9.708780250071743501e-01
9.795623500856869281e-01
1.000000000000000000e+00
