1.678803748053966840e-03
6.948358655038097513e-03
1.338604496395593216e-02
2.106000734045335859e-02
3.105386408571476561e-02
4.102279628575918741e-02
5.251916797264009201e-02
6.086773888472786498e-02
7.145408355109764131e-02
8.152787938562329473e-02
8.983275452881588075e-02
9.977971823121289940e-02
1.114408813903500217e-01
1.214706589735862485e-01
1.297336175371553990e-01
1.397447694694878284e-01
1.494984547219601889e-01
1.605506011980128434e-01
1.712691786934812943e-01
1.796681956469849684e-01
1.887225696298781286e-01
1.987609876207559745e-01
2.095430104563610896e-01
2.186329356583368022e-01
2.295409578596955824e-01
2.395941298624980342e-01
2.498814478726141264e-01
2.577747825787573555e-01
2.670034008603677789e-01
2.777925813630166552e-01
2.895214588967717773e-01
2.986741810310364342e-01
3.085719578837354815e-01
3.177649526385639689e-01
3.279865399292761219e-01
3.364414379599546256e-01
3.485987673501410034e-01
3.586067360495618916e-01
3.670494531712319430e-01
3.770295834476607433e-01
3.869173569369863119e-01
3.970301840151525541e-01
4.069099027557293025e-01
4.168842498880843683e-01
4.271043382314985704e-01
4.360940601891683532e-01
4.468676698575654305e-01
4.559724436521555013e-01
4.669157639466480214e-01
4.761140867479040084e-01
4.852342314880756513e-01
4.981863895434355816e-01
5.063089800098740101e-01
5.150983089346938826e-01
5.259841256548133392e-01
5.350451434715224330e-01
5.444544214299568141e-01
5.551013006199060351e-01
5.643112421483309493e-01
5.743566269057549523e-01
5.860088597440421543e-01
5.943824021459476192e-01
6.043945090318835200e-01
6.142576425351020664e-01
6.243212180336139561e-01
6.325346407019377670e-01
6.443771519598910924e-01
6.550863684948267096e-01
6.650382803718248859e-01
6.734929363485756548e-01
6.826772426612206512e-01
6.925807452632756211e-01
7.035280074134304673e-01
7.136242998771848978e-01
7.241981970850833727e-01
7.334563232989929071e-01
7.418171445530313823e-01
7.517890254647695558e-01
7.634713444895588896e-01
7.726185992564005289e-01
7.818210183746809872e-01
7.925746595486824475e-01
8.026368030419629429e-01
8.117352208542426562e-01
8.217700823045976932e-01
8.326218438949432032e-01
8.417789888045561497e-01
8.518477493001220813e-01
8.619139865817089241e-01
8.700759067422669801e-01
8.818743485666965531e-01
8.917171321381431870e-01
9.017678204787857865e-01
9.100870733110066890e-01
9.200204677842617196e-01
9.309653868291679624e-01
9.409936780756055219e-01
9.509709990956638492e-01
9.608534130615282720e-01
9.708601657769957427e-01
9.795489082068643549e-01
1.000000000000000000e+00
