6.037690448283987710e-01
3.929997226390689602e-01
2.911279540181054837e-01
2.249139893685336844e-01
1.736484163910152756e-01
1.412046218682817822e-01
1.165697878019573419e-01
1.041912477875872323e-01
9.152653663097622128e-02
8.219216707087627360e-02
7.601465406572431582e-02
6.942279887573819808e-02
6.338924900017677000e-02
5.883816602396594458e-02
5.557691464855011448e-02
5.208966361231974485e-02
4.920710464114243232e-02
4.630348402330046464e-02
4.358082496306839998e-02
4.174911170408713429e-02
4.000435088600712980e-02
3.826430428579886273e-02
3.646066922415559797e-02
3.521072704726604247e-02
3.370858097613394638e-02
3.236904319979362621e-02
3.112519602717243178e-02
3.029041129480895128e-02
2.933192993368340801e-02
2.841040908663713255e-02
2.729573155967339806e-02
2.655326501234079456e-02
2.583341440989846485e-02
2.511754997606344131e-02
2.436409873149000815e-02
2.381265892661123956e-02
2.308027120361141188e-02
2.247845115985027536e-02
2.202358664341797639e-02
2.146632073253234088e-02
2.099535025938188693e-02
2.049163202626186342e-02
2.001505848645208571e-02
1.954344601874489357e-02
1.915691060132330287e-02
1.876930847855252937e-02
1.833232160626625806e-02
1.798411412809182430e-02
1.758720427582391443e-02
1.730059249141661232e-02
1.699774423246186439e-02
1.660882599393197906e-02
1.635386550602033889e-02
1.609034071741555563e-02
1.576738484235875801e-02
1.552114023587758407e-02
1.526633991689370015e-02
1.497890794325472744e-02
1.475277468673150648e-02
1.449774373291544058e-02
1.422985853022009153e-02
1.403217242145063381e-02
1.383068622849222343e-02
1.362699901467868610e-02
1.342961345050900333e-02
1.326531998752730757e-02
1.303025808018000095e-02
1.282859822406930660e-02
1.264670876672247500e-02
1.249586143852972168e-02
1.232980342751947671e-02
1.215580088855603390e-02
1.199424117254178912e-02
1.183214113014474655e-02
1.166861301176697063e-02
1.154838027733559765e-02
1.143183187564620826e-02
1.128823057252812019e-02
1.112287221732491393e-02
1.099840724636645672e-02
1.088149766594845476e-02
1.074180305869236809e-02
1.061946723978951686e-02
1.050666111624737678e-02
1.037918704823881898e-02
1.025704433984786501e-02
1.014595203873065211e-02
1.002751449102756362e-02
9.910805793358736307e-03
9.819222727886692606e-03
9.709415502994551278e-03
9.603324125567762673e-03
9.497602445949496902e-03
9.412073007931358662e-03
9.319831079659545228e-03
9.215494414340129337e-03
9.118342554919363699e-03
9.033531266138204383e-03
8.941135284967658206e-03
8.849778886044077503e-03
8.777523638089838529e-03
8.603669650694690391e-03
