7.437125889914139032e-01
4.755738143470439327e-01
3.403542519897198027e-01
2.564930236781998163e-01
1.937215514595215793e-01
1.552278670825020801e-01
1.266564153707091800e-01
1.118925938336463310e-01
9.788163059098292651e-02
8.718451441299053528e-02
8.018537205393852507e-02
7.304690429007060226e-02
6.621348763243992130e-02
6.131383462425381292e-02
5.767774249885850024e-02
5.398852719763296004e-02
5.078648628141755467e-02
4.752039483767380584e-02
4.481354277641926703e-02
4.297583898119454460e-02
4.120153048602594181e-02
3.926485371455114282e-02
3.739695489904106690e-02
3.594226065416834121e-02
3.434265270870184850e-02
3.299475631410576926e-02
3.175273689617289646e-02
3.083383263073076822e-02
2.982866611327420966e-02
2.872799195549676290e-02
2.758224106833394654e-02
2.676872218700576678e-02
2.594934263358966015e-02
2.521683351444589660e-02
2.450935403263024628e-02
2.392822805032985764e-02
2.314867528030703850e-02
2.258462231262223924e-02
2.210471896503366646e-02
2.155617444154811491e-02
2.106085286693959446e-02
2.054741363395841749e-02
2.010032894751743668e-02
1.965907312417271985e-02
1.922871539544068059e-02
1.887926229513253035e-02
1.844991913102352749e-02
1.809877373080121324e-02
1.770968164811752288e-02
1.738089698387260823e-02
1.706575092071933170e-02
1.665017848785678087e-02
1.638706816464465671e-02
1.614080012849381310e-02
1.581675736630578505e-02
1.556267865801901421e-02
1.529899060927488764e-02
1.502089139708638089e-02
1.477765573706859778e-02
1.452917730586273347e-02
1.426106709161702700e-02
1.407067971521500614e-02
1.384645730575992384e-02
1.363502043682298173e-02
1.343852310255548056e-02
1.327428237108712814e-02
1.306068576678514302e-02
1.286301520563176183e-02
1.268855562723750739e-02
1.253048555687668111e-02
1.237019928901490762e-02
1.220214491685570057e-02
1.202104325756484481e-02
1.186439507978202801e-02
1.169960269291377489e-02
1.156062693651052284e-02
1.144410121110298398e-02
1.131243673963347116e-02
1.115207004121703156e-02
1.102194046020035789e-02
1.090442425155593691e-02
1.075868272837326133e-02
1.062963766692215373e-02
1.051096913693681280e-02
1.040063134666500619e-02
1.027407622739579321e-02
1.016264073816836554e-02
1.004890414946346504e-02
9.932033154180173670e-03
9.845836939738530219e-03
9.719749244715894868e-03
9.613576838017173429e-03
9.507724153355455454e-03
9.422053668428532688e-03
9.329431685659790238e-03
9.225190960177188926e-03
9.132898756638540422e-03
9.043476086909783135e-03
8.950978571548362517e-03
8.859522841548155697e-03
8.781940989445966364e-03
8.603669650694690391e-03
