7.376006736763675020e-01
4.748343259005894379e-01
3.378112202346307269e-01
2.551993351371018570e-01
1.925294089189982238e-01
1.546653826216994876e-01
1.264274746037258867e-01
1.118315417140223478e-01
9.797839850905763759e-02
8.725443501729518436e-02
8.007007429899518081e-02
7.291841131268696208e-02
6.602752662143161755e-02
6.113620874748111611e-02
5.761322089324646262e-02
5.393297582733352913e-02
5.090816937244857510e-02
4.765681891333727049e-02
4.489430669938013208e-02
4.300332886914250835e-02
4.111104041563161393e-02
3.921938199260252556e-02
3.737470365257878485e-02
3.590498779824700254e-02
3.430897367265866443e-02
3.294142562123266588e-02
3.164692796888427667e-02
3.074534052880435395e-02
2.974485454435221027e-02
2.866329531478291684e-02
2.755296853007524471e-02
2.678775956813176859e-02
2.599046186062251712e-02
2.528461071551533351e-02
2.456400364182652687e-02
2.399465137725298458e-02
2.319912659390205995e-02
2.255828690051821933e-02
2.206405693757990810e-02
2.152994963960849079e-02
2.102509150669380072e-02
2.052410886280441743e-02
2.005433621000295846e-02
1.959390275474192505e-02
1.918313953811424596e-02
1.882538638631895550e-02
1.840918110077760517e-02
1.804921539912536163e-02
1.765345294760695127e-02
1.731721749759796564e-02
1.700164770011676485e-02
1.661576293166630927e-02
1.638067367724736073e-02
1.611669488106510367e-02
1.581769815274021787e-02
1.555442455956559077e-02
1.530969447718586764e-02
1.502828347932439260e-02
1.479323930507678644e-02
1.454473501922081205e-02
1.426827729383184362e-02
1.407845941494169362e-02
1.384685272014153645e-02
1.363585046187333963e-02
1.342507734224522055e-02
1.328227243089018586e-02
1.305462852495280733e-02
1.286376707053842397e-02
1.268905816406989441e-02
1.253815100333427988e-02
1.238503979701566574e-02
1.221035140180143884e-02
1.202921893244428969e-02
1.187814026449301140e-02
1.171223610800817445e-02
1.157234454560601353e-02
1.145656640591814247e-02
1.130665054180302921e-02
1.114078961128328951e-02
1.102291890236279000e-02
1.090966385531582858e-02
1.076393305194032167e-02
1.063578140452286179e-02
1.051705882305918431e-02
1.038963725483860699e-02
1.025728656214301357e-02
1.015748408849344482e-02
1.003899848583603496e-02
9.926835729201071226e-03
9.839814840604706181e-03
9.718610262812860806e-03
9.617149786618968063e-03
9.511324917082571162e-03
9.425670063656783546e-03
9.324037337625493832e-03
9.215269805214025556e-03
9.123082922354622606e-03
9.038718939295493221e-03
8.946253566823356845e-03
8.854829548264258471e-03
8.777309858987020902e-03
8.603669650694690391e-03
