7.424106727232372416e-01
4.752187242939975853e-01
3.390585777634630427e-01
2.562316272027381214e-01
1.939516159582836963e-01
1.555009076519358047e-01
1.269360715284601759e-01
1.124831898400703717e-01
9.824018648962341838e-02
8.772494563503842324e-02
8.048619899589204429e-02
7.320159609781848320e-02
6.628441551187855274e-02
6.133474255844510725e-02
5.776084018343032034e-02
5.407213245706481153e-02
5.095645837218820695e-02
4.767729007274649350e-02
4.497102375029141119e-02
4.309764779959253389e-02
4.125368942848904596e-02
3.941401613682644911e-02
3.749827916209445139e-02
3.604585871145362524e-02
3.445905451372599515e-02
3.306971825362446660e-02
3.178614880151413302e-02
3.086618584974690216e-02
2.984209133441396641e-02
2.875712346876344028e-02
2.764188988915936701e-02
2.682790659896372443e-02
2.598980388206335174e-02
2.525567402561037025e-02
2.453758412937546637e-02
2.395576552990045377e-02
2.318674748898941901e-02
2.259695364793617295e-02
2.210416096901730160e-02
2.156909097782476123e-02
2.104089599164587696e-02
2.053767069950308138e-02
2.007832218620931100e-02
1.961711606797889723e-02
1.919897271394393340e-02
1.884999887812156133e-02
1.843138562000903174e-02
1.807102944798737870e-02
1.767303730676498055e-02
1.735388385861086347e-02
1.704884185356502629e-02
1.663344852858820652e-02
1.638039794318386227e-02
1.612445723604737091e-02
1.580963825923343766e-02
1.555433765837728466e-02
1.530708516405550335e-02
1.504480690040748206e-02
1.480137753671694270e-02
1.455280547587088635e-02
1.427612143024438104e-02
1.407770999423089975e-02
1.384634147828492715e-02
1.362786306392039723e-02
1.344585878330665542e-02
1.329710969406183718e-02
1.307566903182378303e-02
1.287207774507921273e-02
1.269588419311984406e-02
1.254475811903404611e-02
1.238439571260670051e-02
1.221612346087402705e-02
1.204121428950231075e-02
1.187717145702634619e-02
1.171854203855167940e-02
1.158496259689357176e-02
1.147325143544195014e-02
1.132867969019455724e-02
1.116264914451053393e-02
1.103239949457585946e-02
1.091480572523560212e-02
1.076889985370746254e-02
1.064580151021521023e-02
1.053341055191927070e-02
1.041162682216200362e-02
1.027910356084276930e-02
1.017254107095079928e-02
1.005382347068892700e-02
9.936923728026883854e-03
9.850692893499473496e-03
9.719667996235158147e-03
9.613497065611495765e-03
9.507722567486149787e-03
9.422052366023791342e-03
9.329394470374563486e-03
9.225154525937801289e-03
9.133398288467564977e-03
9.043476086909783135e-03
8.950978571548362517e-03
8.859522841548155697e-03
8.781940989445966364e-03
8.603669650694690391e-03
