7.478702721314267610e-01
4.782393352136891096e-01
3.413968775106121512e-01
2.562119021989865963e-01
1.931397268228740027e-01
1.554196891530169045e-01
1.272537749566409193e-01
1.123006372660449587e-01
9.809671713048570552e-02
8.751513403276468817e-02
8.048654263032531397e-02
7.328966265589757778e-02
6.632398363987979106e-02
6.141413462448461896e-02
5.783292271230820736e-02
5.413776141363371014e-02
5.088102604051691902e-02
4.768923622216937608e-02
4.494717432483732317e-02
4.298068531076739557e-02
4.116852624356211188e-02
3.926937211808195771e-02
3.740447677438147461e-02
3.598720222795155632e-02
3.436586863283413312e-02
3.296365606751620880e-02
3.165027846912897569e-02
3.078169915854880867e-02
2.977898579224417738e-02
2.869474355967168225e-02
2.760038820920130559e-02
2.681645604982104206e-02
2.602180740025018466e-02
2.530067130871401643e-02
2.455338813660429623e-02
2.397437260912186827e-02
2.319148098945199646e-02
2.259843145744309251e-02
2.211691088325022647e-02
2.156954411038720584e-02
2.105033500542080258e-02
2.053754607003605015e-02
2.005662307592715604e-02
1.962732205899351406e-02
1.920834073554737037e-02
1.884913284296891797e-02
1.843108368649277323e-02
1.808858817022651611e-02
1.769984404420561069e-02
1.736284871368099988e-02
1.708797648908817399e-02
1.669911232101441850e-02
1.643519672560955422e-02
1.616140497767603115e-02
1.583814053997905508e-02
1.559070082139078425e-02
1.532655084009542333e-02
1.506103472759244034e-02
1.483421479552091138e-02
1.457771207182513053e-02
1.430052859315199265e-02
1.410172865383835586e-02
1.389205045832732355e-02
1.368099365361977529e-02
1.348508705705853128e-02
1.331354925184328672e-02
1.307759796432086952e-02
1.287335008645071333e-02
1.269705422430844957e-02
1.255112371219921710e-02
1.239170786226120521e-02
1.223018351192624656e-02
1.205468242205060860e-02
1.188479016284265354e-02
1.173600964049810805e-02
1.159610375832659419e-02
1.147419892407834305e-02
1.133601534523203530e-02
1.116927089344901813e-02
1.103895994407942151e-02
1.091532179729797977e-02
1.076954368639567589e-02
1.064717766848521062e-02
1.052840405029209156e-02
1.040076902816702842e-02
1.026832999454495993e-02
1.015694287246492536e-02
1.004329492344016063e-02
9.931547961980221814e-03
9.839688918712802962e-03
9.714451512145434384e-03
9.612735118909200918e-03
9.506969740836337251e-03
9.421308481669690010e-03
9.329394470374563486e-03
9.220650021433296484e-03
9.128924015536915570e-03
9.043476086909783135e-03
8.950978571548362517e-03
8.859522841548155697e-03
8.781940989445966364e-03
8.603669650694690391e-03
