6.427150907924976675e-01
7.619821170013760803e-01
8.011119961446790949e-01
8.197587166529896052e-01
8.377612755034528069e-01
8.529000502740833323e-01
8.688322464075483031e-01
8.741335201830697788e-01
8.819531663749812234e-01
8.902844110709301484e-01
8.959052939161962215e-01
8.992831709486978076e-01
9.019325308348996595e-01
9.070424976097927194e-01
9.087208005099002284e-01
9.123192784730397298e-01
9.143791863548653698e-01
9.168852350409808505e-01
9.209818748931400956e-01
9.216621470019836782e-01
9.253226569491863618e-01
9.276678757330369951e-01
9.303516859982586817e-01
9.325800653157548803e-01
9.338886523838357823e-01
9.338886523838357823e-01
9.338886523838357823e-01
9.366110514356712491e-01
9.376245649491847800e-01
9.389241430082565509e-01
9.408998806443531482e-01
9.425372965412626147e-01
9.442283639986385202e-01
9.445662018364764378e-01
9.451991132288813935e-01
9.457094537530389422e-01
9.477549294775753363e-01
9.504537035057859518e-01
9.517668870070344900e-01
9.531040237515524538e-01
9.544172072528009920e-01
9.550974793616445746e-01
9.557303907540497523e-01
9.580712477890049872e-01
9.601432334374493394e-01
9.617852772499457803e-01
9.634791548009662421e-01
9.648113668926718844e-01
9.660426287667908118e-01
9.660426287667908118e-01
9.687212238870221981e-01
9.716658451610801217e-01
9.716658451610801217e-01
9.716658451610801217e-01
9.723325118277467149e-01
9.733512911704697013e-01
9.733512911704697013e-01
9.750230647825821606e-01
9.764075622435383073e-01
9.764075622435383073e-01
9.770878343523818899e-01
9.770878343523818899e-01
9.791287136437505367e-01
9.798329389958631008e-01
9.815935023761449552e-01
9.815935023761449552e-01
9.819456150522011262e-01
9.821038429003025039e-01
9.830532099889099928e-01
9.838697307350082744e-01
9.845690314343089611e-01
9.859295756519961262e-01
9.873140731129522729e-01
9.873140731129522729e-01
9.897458472320872502e-01
9.904037419689293298e-01
9.911079673210421159e-01
9.921332933463679060e-01
9.928135654552117106e-01
9.928135654552117106e-01
9.931425128236325284e-01
9.931425128236325284e-01
9.945411142222340128e-01
9.945411142222340128e-01
9.945411142222340128e-01
9.945411142222340128e-01
9.945411142222340128e-01
9.951990089590762034e-01
9.955414747125008734e-01
9.955414747125008734e-01
9.962217468213443450e-01
9.968974224970199582e-01
9.968974224970199582e-01
9.968974224970199582e-01
9.982819199579763270e-01
9.982819199579763270e-01
9.986340326340326090e-01
1.000000000000000000e+00
1.000000000000000000e+00
1.000000000000000000e+00
1.000000000000000000e+00
1.000000000000000000e+00
