6.377481402600185811e-01
7.565159129832513818e-01
7.956492920105754374e-01
8.208813991539500865e-01
8.415681765221328936e-01
8.550231707508020307e-01
8.666675138308151949e-01
8.757911448297015511e-01
8.835534674123177723e-01
8.926171254966265289e-01
8.958850598672774002e-01
8.986162308489376027e-01
9.016342764659983633e-01
9.063932236308408497e-01
9.076884157250004748e-01
9.111529860952278792e-01
9.166060722273746686e-01
9.176199511026448263e-01
9.213673539627100784e-01
9.247124077463182434e-01
9.283945097553681913e-01
9.326605447131219861e-01
9.336335921599487886e-01
9.350420428641742498e-01
9.372576594107130399e-01
9.378905708031179955e-01
9.392655471780944065e-01
9.396033850159322132e-01
9.402836571247756847e-01
9.416352552982918400e-01
9.429530981975460247e-01
9.432820455659671754e-01
9.432820455659671754e-01
9.432820455659671754e-01
9.452485273708900460e-01
9.465856641154077877e-01
9.492370144623419881e-01
9.511125586021924594e-01
9.517928307110359309e-01
9.538056431312293970e-01
9.544859152400728686e-01
9.557990987413216288e-01
9.578502628689443688e-01
9.581903989233662156e-01
9.602253412701328150e-01
9.621190636713741196e-01
9.637700850104604644e-01
9.637700850104604644e-01
9.647658175851402396e-01
9.660653956442120105e-01
9.671217336723809677e-01
9.681445030170682253e-01
9.688438037163689120e-01
9.701866299600603316e-01
9.715711274210164783e-01
9.719135931744411483e-01
9.732381545779500431e-01
9.744812622239488187e-01
9.744812622239488187e-01
9.748191000617865143e-01
9.750458574314011528e-01
9.750458574314011528e-01
9.750458574314011528e-01
9.750458574314011528e-01
9.784712341837258354e-01
9.802086322563722254e-01
9.814058153549638508e-01
9.820724820216305551e-01
9.830218491102380440e-01
9.837021212190816266e-01
9.838603490671828933e-01
9.845406211760264759e-01
9.855920345513833336e-01
9.862723066602269162e-01
9.876758327116401670e-01
9.890649895706020711e-01
9.907689133139994109e-01
9.914491854228432155e-01
9.917988357724935033e-01
9.917988357724935033e-01
9.927856778777565117e-01
9.927856778777565117e-01
9.941842792763579961e-01
9.948885046284707823e-01
9.955878053277714690e-01
9.955878053277714690e-01
9.962457000646136596e-01
9.962457000646136596e-01
9.962457000646136596e-01
9.969259721734570201e-01
9.969259721734570201e-01
9.969259721734570201e-01
9.969259721734570201e-01
9.969259721734570201e-01
9.982819199579763270e-01
9.989485866246429202e-01
9.993006993006993133e-01
1.000000000000000000e+00
1.000000000000000000e+00
1.000000000000000000e+00
1.000000000000000000e+00
1.000000000000000000e+00
