5.141258050783962252e-01
6.252619969212052098e-01
6.863364405861388517e-01
7.215750336939750209e-01
7.519370931109150558e-01
7.725331684410706723e-01
7.907228252392455303e-01
8.080729959408012864e-01
8.222499081191706471e-01
8.355410328839500966e-01
8.447831990416302395e-01
8.500276022021774347e-01
8.611808497928068462e-01
8.678184200970703310e-01
8.728018906070470484e-01
8.779646556715936523e-01
8.846701289584786299e-01
8.911233816930528295e-01
8.931454499444198003e-01
8.958621594970818114e-01
9.006174424942846590e-01
9.057292273059796006e-01
9.091216418060261706e-01
9.143263039542894877e-01
9.168153469435995628e-01
9.181949197517436101e-01
9.197792620629205995e-01
9.226545752344212925e-01
9.250175986250788185e-01
9.314663097130357894e-01
9.318064457674575252e-01
9.347230001703403790e-01
9.387826688089562222e-01
9.394493354756230374e-01
9.394493354756230374e-01
9.418256360888130896e-01
9.452234523522697884e-01
9.463068964691799811e-01
9.483259128910874747e-01
9.490301382432002608e-01
9.525312184106755620e-01
9.535180605159387923e-01
9.538581965703605281e-01
9.538581965703605281e-01
9.572196465931753773e-01
9.572196465931753773e-01
9.578999187020189598e-01
9.585801908108624314e-01
9.599225331532048600e-01
9.623394468814797653e-01
9.632718478138807550e-01
9.659988061567716944e-01
9.666744818324473076e-01
9.673547539412907792e-01
9.675129817893919348e-01
9.685461545099258718e-01
9.692310860167751008e-01
9.692310860167751008e-01
9.701620687385021924e-01
9.701620687385021924e-01
9.711576827735898254e-01
9.711576827735898254e-01
9.739506309387714333e-01
9.749713119870866418e-01
9.766798321636519509e-01
9.770131654969853585e-01
9.777173908490979226e-01
9.783976629579415052e-01
9.790779350667850878e-01
9.794300477428414808e-01
9.794300477428414808e-01
9.794300477428414808e-01
9.822131466023990010e-01
9.825464799357321866e-01
9.832457806350328733e-01
9.859492140612493571e-01
9.869360561665125875e-01
9.872881688425689806e-01
9.879684409514123411e-01
9.886351076180790454e-01
9.896308401927589316e-01
9.903157716996082716e-01
9.916953445077524298e-01
9.923532392445946204e-01
9.923532392445946204e-01
9.932635104080305144e-01
9.932635104080305144e-01
9.932635104080305144e-01
9.932635104080305144e-01
9.932635104080305144e-01
9.959475859280584320e-01
9.959475859280584320e-01
9.959475859280584320e-01
9.959475859280584320e-01
9.972857527737440941e-01
9.979186641661490498e-01
9.979186641661490498e-01
9.986204271918557307e-01
9.986204271918557307e-01
9.986204271918557307e-01
9.993197278911564174e-01
1.000000000000000000e+00
