6.394021692042517468e-01
7.562456823006148410e-01
7.982636619721311666e-01
8.220425605678984837e-01
8.397263361492459666e-01
8.537470357388550202e-01
8.642939202428584489e-01
8.702807988413011619e-01
8.801516164578950807e-01
8.860114252480020269e-01
8.917390113524538142e-01
8.956724074793532830e-01
9.003053372758647033e-01
9.050328980596965556e-01
9.057131701685401381e-01
9.095176661249340100e-01
9.128874369020856250e-01
9.139249955875315967e-01
9.183571750609447193e-01
9.220467296118910472e-01
9.270302026103769411e-01
9.288660180176208092e-01
9.307071574714227413e-01
9.315510393279626822e-01
9.332517196000715831e-01
9.349691302460536591e-01
9.376145258390080617e-01
9.382811925056746549e-01
9.396371402901937397e-01
9.403220717970430798e-01
9.403220717970430798e-01
9.409549831894482574e-01
9.416399146962974864e-01
9.416399146962974864e-01
9.438764867113504931e-01
9.452416903270434156e-01
9.467131016763932205e-01
9.500501714658105001e-01
9.514061192503298070e-01
9.527770112691091864e-01
9.554059842440419947e-01
9.557438220818799124e-01
9.584664863885217212e-01
9.598069829332102065e-01
9.611793711451289690e-01
9.627530366473658896e-01
9.641089844318850854e-01
9.647418958242901521e-01
9.664042950656368536e-01
9.670372064580418092e-01
9.673893191340982023e-01
9.687784759930602174e-01
9.687784759930602174e-01
9.704957922848093110e-01
9.712000176369220972e-01
9.718993183362227839e-01
9.718993183362227839e-01
9.721324185693230868e-01
9.721324185693230868e-01
9.727990852359896801e-01
9.741372520816753422e-01
9.748221835885246822e-01
9.754800783253667618e-01
9.761557540010423750e-01
9.774148961555567672e-01
9.777438435239778070e-01
9.799924399979265122e-01
9.812920180569980610e-01
9.823126991053132695e-01
9.823126991053132695e-01
9.824709269534146472e-01
9.831511990622582298e-01
9.838504997615589165e-01
9.848875439444644275e-01
9.855678160533078991e-01
9.862720414054206852e-01
9.876519424332089736e-01
9.893794912002313868e-01
9.904094136587250352e-01
9.904094136587250352e-01
9.913962557639882656e-01
9.913962557639882656e-01
9.921004811161010517e-01
9.921004811161010517e-01
9.942033078668153223e-01
9.949026085661160090e-01
9.949026085661160090e-01
9.955605033029580886e-01
9.955605033029580886e-01
9.962407754118014491e-01
9.969210475206450317e-01
9.969210475206450317e-01
9.969210475206450317e-01
9.969210475206450317e-01
9.982769953051644496e-01
9.989436619718310428e-01
9.996478873239436069e-01
1.000000000000000000e+00
1.000000000000000000e+00
1.000000000000000000e+00
1.000000000000000000e+00
1.000000000000000000e+00
