3.189439716285045134e-04
8.143942425347827641e-03
2.355563900668514177e-02
4.312829382155995706e-02
6.554112501170077099e-02
9.305089147378019232e-02
1.212067760166022634e-01
1.432950453535138391e-01
1.700663376787610037e-01
1.961614621187678098e-01
2.231893811588213095e-01
2.471771018107137008e-01
2.763661176012640608e-01
2.984985036689331017e-01
3.254536154159678452e-01
3.515554105405472307e-01
3.760111757537096810e-01
3.981518117126013889e-01
4.312803882174635062e-01
4.557355924197490360e-01
4.828634482870223787e-01
5.051308267633487503e-01
5.289750919497357984e-01
5.623730152976454955e-01
5.869824057619503765e-01
6.112252741119633681e-01
6.354360573186654815e-01
6.625980220918735730e-01
6.842337821327847402e-01
7.132360466660347953e-01
7.424837794219587561e-01
7.643377580535881677e-01
7.930587774696908898e-01
8.171590610649619446e-01
8.395845682786434727e-01
8.710357340689875993e-01
8.972826404188488647e-01
9.213773132433438207e-01
9.436963098971704600e-01
1.000000000000000000e+00
