9.795121951219512013e-01
7.370488818028031464e-01
5.449839980719219934e-01
4.190184657356444964e-01
3.341602274587736621e-01
2.674220112661549464e-01
2.216163112043592065e-01
1.949286860381092001e-01
1.699862339312576687e-01
1.510173005402458413e-01
1.352819893943390250e-01
1.239880394652681517e-01
1.123325784864369625e-01
1.049184910458986347e-01
9.706875763365192811e-02
9.057290113891557082e-02
8.523442012004478485e-02
8.088297922502159232e-02
7.515289169886867071e-02
7.142184094416778595e-02
6.770244599322161605e-02
6.492834618906111188e-02
6.221795243422238025e-02
5.875102588042800666e-02
5.645519390666495912e-02
5.432295636525683730e-02
5.237871243586518510e-02
5.034963576360181742e-02
4.884828622980093293e-02
4.699153364116372827e-02
4.523418035618662764e-02
4.402058918589880215e-02
4.249440386930194297e-02
4.128861523491055008e-02
4.023472541704804784e-02
3.883991152783898559e-02
3.774210554703159165e-02
3.679531376347104643e-02
3.596558778675055384e-02
3.403147330622564859e-02
