6.628942160978456011e-01
8.452440782547853138e-01
9.264094344738527109e-01
9.626150347404186514e-01
9.781295854996713279e-01
9.862112226015593563e-01
9.906798552080535725e-01
9.916542186507104617e-01
9.927472633444681671e-01
9.933940791935025327e-01
9.936219512195121339e-01
9.940284552845527477e-01
9.941504065040650540e-01
9.942723577235772492e-01
9.945162601626016396e-01
9.945162601626016396e-01
9.950040650406503095e-01
9.954918699186992015e-01
9.956138211382115077e-01
9.956138211382115077e-01
9.956951219512195639e-01
9.957560975609756060e-01
9.959186991869918293e-01
9.971382113821137816e-01
9.971382113821137816e-01
9.971382113821137816e-01
9.971382113821137816e-01
9.976260162601626735e-01
9.981138211382113434e-01
9.990081300813008491e-01
9.992520325203251286e-01
9.994146341463414629e-01
9.994146341463414629e-01
9.994146341463414629e-01
9.994146341463414629e-01
9.994146341463414629e-01
9.994146341463414629e-01
9.994146341463414629e-01
9.995772357723577972e-01
1.000000000000000000e+00
