4.380000000000000000e+02 1.101000000000000000e+03 7.080000000000000000e+02 1.133000000000000000e+03 5.020000000000000000e+02 4.500000000000000000e+02 7.360000000000000000e+02 8.160000000000000000e+02 3.500000000000000000e+01 9.600000000000000000e+01 1.680000000000000000e+02 1.520000000000000000e+02 1.319000000000000000e+03 2.560000000000000000e+02 1.132000000000000000e+03 1.470000000000000000e+02 7.750000000000000000e+02 1.430000000000000000e+02
6.220000000000000000e+02 3.300000000000000000e+02 2.310000000000000000e+02 2.590000000000000000e+02 9.540000000000000000e+02 7.900000000000000000e+01 1.180000000000000000e+03 1.600000000000000000e+02 1.145000000000000000e+03 9.720000000000000000e+02 5.540000000000000000e+02 9.680000000000000000e+02 1.135000000000000000e+03 5.330000000000000000e+02 7.920000000000000000e+02 7.290000000000000000e+02 2.680000000000000000e+02 1.353000000000000000e+03
1.354000000000000000e+03 1.167000000000000000e+03 4.880000000000000000e+02 5.420000000000000000e+02 2.400000000000000000e+01 6.820000000000000000e+02 3.400000000000000000e+01 6.730000000000000000e+02 1.197000000000000000e+03 3.740000000000000000e+02 5.550000000000000000e+02 1.206000000000000000e+03 1.306000000000000000e+03 1.336000000000000000e+03 7.730000000000000000e+02 1.620000000000000000e+02 4.440000000000000000e+02 1.460000000000000000e+02
9.440000000000000000e+02 1.450000000000000000e+02 1.490000000000000000e+02 2.030000000000000000e+02 6.620000000000000000e+02 9.700000000000000000e+02 2.800000000000000000e+01 5.000000000000000000e+02 6.250000000000000000e+02 5.800000000000000000e+02 6.470000000000000000e+02 1.500000000000000000e+02 1.303000000000000000e+03 1.228000000000000000e+03 1.120000000000000000e+02 2.700000000000000000e+02 6.810000000000000000e+02 1.570000000000000000e+02
1.022000000000000000e+03 7.110000000000000000e+02 1.308000000000000000e+03 1.970000000000000000e+02 3.200000000000000000e+01 4.870000000000000000e+02 1.600000000000000000e+01 1.480000000000000000e+02 6.840000000000000000e+02 1.310000000000000000e+03 9.180000000000000000e+02 9.160000000000000000e+02 5.690000000000000000e+02 9.960000000000000000e+02 9.460000000000000000e+02 1.374000000000000000e+03 7.030000000000000000e+02 8.590000000000000000e+02
3.730000000000000000e+02 1.389000000000000000e+03 8.600000000000000000e+01 1.300000000000000000e+02 4.810000000000000000e+02 5.480000000000000000e+02 9.700000000000000000e+01 1.264000000000000000e+03 6.210000000000000000e+02 1.510000000000000000e+02 9.200000000000000000e+02 3.130000000000000000e+02 3.340000000000000000e+02 1.147000000000000000e+03 1.440000000000000000e+02 6.940000000000000000e+02 1.130000000000000000e+02 3.610000000000000000e+02
5.400000000000000000e+01 6.790000000000000000e+02 6.800000000000000000e+02 8.400000000000000000e+01 7.650000000000000000e+02 5.340000000000000000e+02 2.570000000000000000e+02 1.169000000000000000e+03 1.042000000000000000e+03 1.304000000000000000e+03 4.500000000000000000e+01 1.379000000000000000e+03 1.327000000000000000e+03 4.830000000000000000e+02 9.110000000000000000e+02 5.580000000000000000e+02 1.041000000000000000e+03 6.990000000000000000e+02
1.640000000000000000e+02 8.600000000000000000e+02 1.309000000000000000e+03 4.400000000000000000e+01 9.890000000000000000e+02 7.010000000000000000e+02 3.700000000000000000e+02 1.740000000000000000e+02 9.060000000000000000e+02 1.305000000000000000e+03 8.700000000000000000e+01 7.740000000000000000e+02 7.120000000000000000e+02 7.460000000000000000e+02 5.520000000000000000e+02 1.137000000000000000e+03 6.610000000000000000e+02 9.630000000000000000e+02
1.146000000000000000e+03 2.660000000000000000e+02 1.139000000000000000e+03 4.010000000000000000e+02 2.200000000000000000e+01 1.131000000000000000e+03 1.301000000000000000e+03 6.770000000000000000e+02 7.250000000000000000e+02 4.020000000000000000e+02 1.154000000000000000e+03 1.580000000000000000e+02 1.302000000000000000e+03 5.350000000000000000e+02 2.040000000000000000e+02 7.510000000000000000e+02 4.820000000000000000e+02 4.950000000000000000e+02
1.312000000000000000e+03 6.780000000000000000e+02 6.300000000000000000e+02 1.138000000000000000e+03 1.590000000000000000e+02 7.040000000000000000e+02 5.300000000000000000e+01 6.480000000000000000e+02 4.430000000000000000e+02 1.100000000000000000e+02 5.560000000000000000e+02 1.325000000000000000e+03 9.370000000000000000e+02 1.385000000000000000e+03 1.790000000000000000e+02 1.280000000000000000e+03 4.890000000000000000e+02 8.550000000000000000e+02
